1 1000000000 
1000000000

1000000000000000000

2 1 
1
1

1

18 6 
6
2 
21 
19 
4 
27 
7 
18 
5 
1 
14 
29 
21 
12 
13 
19 
8 
17

4

10 8 
7 
3 
16 
5 
18 
2 
13 
12 
10
17

8

12 13  
8
27
6
3
10
5
11
14
21
19
12
8

12

20 1000000000  
1
1
1
1
1
1
1
1
1
1
1
1
1
1
1
1
1
1
1
1

50000000

41 1000000000  
666916
752
17
3
2
1
1
1
1
1
1
1
1
1
1
1
1
1
1
1
1
1
1
1
1
1
1
1
1
1
1
1
1
1
1
1
1
1
1
1
1

27105055

22 1000000000  
1282561
435
9
3
1
1
1
1
1
1
1
1
1
1
1
1
1
1
1
1
1
1
1

54210109

13 1000000000
3258830
1807
43
7
3
2
1
1
1
1
1
1
1

125000001

9 1000000000  
3261135
1807
43
7
3
2
1
1
1

250000001

8 1000000000  
1
1
1
1
1
1
1
1

125000000

7 10
3
8
3
6
9
2
4

8

2 6
7
10

28

20 1000000000
1
1
1
1
1
1
1
1
1
1
1
1
1
1
1
1
1
1
1
1

50000000

