4
120 110 140 150
485

127

5
70 80 30 40 100
450

100

2
10 20
12

6

5
4 4 5 5 2
7

1

3
3 2 4
5

1

3
4 4 5
6

2

2
10 20
12

6

4
101 101 101 101
400

100

4
4 3 2 1
10

4

2
10 1
5

4

20
384 387 278 416 294 336 387 493 150 422 363 28 191 60 264 427 41 427 173 237 212 369 68 430 283 31 363 124 68 136 430 303 23 59 70 168 394 457 12 43 230 374 422 420 285 38 199 325 316 371 414 27 92 481 457 374 363 171 497 282 306 426 85 328 337 6 347 230 314 358 125 396 83 46 315 368 435 365 44 251 88 309 277 179 289 85 404 152 255 400 433 61 177 369 240 13 227 87 95 40
50000

497

8
110 150 74 112 54 144 56 112
480

61

6
77 89 61 118 91 142
120

20

