77 18 60 144
241 75 54
39 53 8
82 22 1
201 32 71
230 3 66
128 73 39
182 32 63
203 30 29
215 9 63
165 17 63
238 77 10
187 75 20
247 40 43
174 1 38
88 35 25
130 55 38
233 58 5
2 56 51
105 52 48
211 27 42
42 56 12
101 52 37
18 52 23
148 14 59
51 46 1
188 34 55
117 72 15
124 23 8
87 59 65
22 41 31
114 37 49
138 75 9
78 34 12
225 27 52
123 11 25
159 17 22
145 44 22
121 73 26
102 45 22
48 1 24
129 2 4
61 16 35
73 44 12
35 32 51
77 49 72
236 76 65
17 31 67
213 38 76
223 13 48
8 9 8
95 14 73
207 65 6
219 14 21
97 22 37
151 55 30
176 3 19
103 56 32
47 77 11
113 33 76
173 52 74
214 15 53
150 64 74
155 48 72
9 15 67
216 68 35
30 44 53
98 32 34
249 70 18
1 63 25
36 6 73
231 43 74
120 45 69
221 21 61
240 68 24
141 70 25
197 14 63
196 23 25
190 36 13
16 5 77
226 38 65
14 5 63
56 77 51
12 18 51
229 26 34
205 48 8
246 27 15
132 6 55
96 73 45
65 7 33
75 6 76
111 50 18
237 63 56
107 39 50
86 27 66
186 56 25
63 13 65
179 3 25
37 15 67
4 7 44
94 19 6
177 43 10
62 2 77
119 71 3
10 43 50
33 65 73
64 11 9
59 34 10
222 73 70
202 46 49
44 40 36
137 39 41
116 59 19
194 31 40
24 21 43
91 50 26
28 32 72
235 71 25
104 13 35
163 5 35
93 46 70
198 42 41
80 65 16
206 44 21
204 13 52
84 44 67
178 27 35
156 61 72
70 76 5
99 55 6
126 49 6
46 59 9
169 11 6
157 38 56
234 48 38
50 48 65
15 9 64
11 21 32
146 69 50
68 50 24
13 60 59
243 2 20
248 65 54
26 30 39
166 49 74
