24 1 1 118
168 9 2
81 22 17
155 13 1
163 2 8
154 7 18
6 7 16
171 13 4
20 18 23
138 6 21
216 7 14
99 5 4
179 23 15
212 15 9
67 18 1
105 9 10
17 13 7
186 3 9
15 22 10
206 5 21
29 16 11
136 23 17
187 15 23
82 4 13
130 19 10
92 6 12
158 4 16
80 18 15
191 17 24
109 20 11
213 21 17
228 23 15
47 15 21
33 19 15
10 9 21
22 5 19
157 9 13
46 7 19
8 11 23
249 4 22
211 21 14
151 5 9
203 11 24
118 13 3
103 24 4
223 19 15
74 3 17
120 18 22
38 13 8
230 20 16
173 18 13
112 10 6
53 19 7
75 19 22
12 8 2
236 8 5
198 15 23
3 19 15
59 21 2
147 24 22
68 3 4
32 12 7
113 9 16
214 13 21
175 4 7
90 23 11
153 6 2
121 21 9
176 18 3
7 23 12
98 17 22
246 16 17
200 20 5
41 16 14
226 8 20
224 6 12
23 5 14
185 5 8
54 14 7
229 5 4
55 23 7
48 24 19
115 14 9
66 10 3
162 3 24
49 2 6
190 17 11
16 4 10
2 11 3
19 13 15
196 17 16
50 21 9
70 19 17
71 3 6
25 8 19
233 2 15
193 21 7
221 16 18
37 21 24
131 21 9
238 1 6
114 3 10
24 1 10
100 9 8
207 22 24
218 2 22
148 20 24
239 24 22
210 10 9
159 19 22
209 24 12
63 15 12
95 19 9
164 11 21
124 13 20
235 16 9
52 19 17
30 15 1
231 11 16
