7 7 10
S051153
4121653
0761685
1178323
9407641
5832483
748483E

12 13 100
S102317421103
1200428372910
9023918473824
3274338294831
1102738473921
3928407515203
4392649371023
2143222751821
9741984105832
3871681742958
0198101853209
239846198411E

14 18 57
S10983249310012148
110932842389320532
392048204473207133
629583274021934815
207496539871109270
402374027350028495
108432248250721123
493339027489039973
374559844095835084
130912243734463362
188371984771043385
983210751551454510
324072304177382393
94861509889238211E

8 5 3
S1111
22221
E1121
11211
21212
20112
20212
20002
